7.45      7.35      7.25      7.16      7.06      6.96      6.85      6.75                                                          
6.65      6.56      6.48      6.41      6.34      6.27      6.21      6.15                                                          
6.09      6.04      5.98      5.92      5.86      5.80      5.75      5.69                                                          
5.63      5.57      5.57      5.56      5.55      5.55      5.54      5.57                                                          
5.59      5.64      5.68      5.75      5.80      5.88      5.96      6.06                                                          
6.16      6.27      6.4       6.56      6.71      6.91      7.1       7.31                                                          
7.54      7.79      8.06      8.34      8.65      8.96      9.29      9.64                                                          
10.01     10.39     10.78     11.16     11.58                                                                                       
     8.170     8.420     8.670     8.940     9.210     9.510     9.800    10.100                                                    
    10.410    10.730    11.050    11.370    11.700    12.030    12.360    12.700                                                    
    13.040    13.390    13.730    14.080    14.440    14.790    15.140    15.500                                                    
    15.850    16.210    16.560    16.920    17.270    17.630    17.980    18.320                                                    
    18.670    19.020    19.360    19.700    20.040    20.370    20.710    21.040                                                    
    21.370    21.690    22.010    22.330    22.650    22.960    23.280    23.580                                                    
    23.880    24.170    24.480    24.780    25.060    25.350    25.640    25.920                                                    
    26.200    26.470    26.750    27.020    27.290    27.560    27.820    28.080                                                    
    28.340    28.600    28.860    29.110    29.350    29.600    29.850    30.090                                                    
    30.340    30.580    30.820    31.050    31.280    31.510    31.740    31.980                                                    
    32.210    32.660    33.100    33.540    33.970    34.400    34.820    35.240                                                    
    35.650    36.060    36.450    36.850    37.240    37.630    38.010    38.390                                                    
    38.770    39.130    39.490    39.850    40.210    40.560    40.910    41.250                                                    
    41.590    41.920    42.250    42.580    42.900    43.210    43.530    43.830                                                    
    44.130    44.440    44.740    45.030    45.320    45.600    45.880    46.160                                                    
    46.430    46.700    46.960    47.220    47.480    47.730    47.980    48.230                                                    
    48.470    48.710    48.950    49.190    49.420    49.640    49.860    50.070                                                    
    50.280    50.500    50.700    50.910    51.120    51.320    51.510    51.710                                                    
    51.900    52.090    52.280    52.460    52.640    52.810    52.980    53.160                                                    
    53.320    53.490    53.650    53.810    53.970    54.130    54.290    54.440                                                    
    54.590    54.740    54.890    55.030    55.170    55.310    55.450    55.590                                                    
    55.720    55.850    55.980    56.110    56.240    56.350    56.480    56.600                                                    
    56.720    56.840    56.960    57.090    57.200    57.320    57.430    57.540                                                    
    57.650    57.750    57.860    57.970    58.070    58.180    58.280    58.380                                                    
    58.490    58.590    58.690    58.790    58.890    58.980    59.080    59.170                                                    
    59.260    59.360    59.450    59.540    59.640    59.730    59.820    59.910                                                    
    60.000    60.090    60.180    60.270    60.360    60.450    60.540    60.630                                                    
    60.720    60.810    60.900    60.980    61.080    61.160    61.250    61.340                                                    
    61.430    61.520    61.600    61.690    61.780    61.870    61.950                                                              
 3.206D-04 2.838D-04 2.512D-04 2.213D-04 1.950D-04 1.718D-04 1.510D-04 1.321D-04                                                    
 1.156D-04 1.007D-04 8.770D-05 7.586D-05 6.561D-05 5.662D-05 4.875D-05 4.178D-05                                                    
 3.581D-05 3.069D-05 2.624D-05 2.239D-05 1.905D-05 1.622D-05 1.377D-05 1.167D-05                                                    
 9.863D-06 8.337D-06 6.982D-06 5.834D-06 4.875D-06 4.074D-06 3.396D-06 2.825D-06                                                    
 2.350D-06 1.950D-06 1.622D-06 1.343D-06 1.119D-06 9.311D-07 7.745D-07 6.442D-07                                                    
 5.297D-07 4.355D-07 3.648D-07 3.062D-07 2.582D-07 2.173D-07 1.841D-07 1.560D-07                                                    
 1.327D-07 1.130D-07 9.661D-08 8.279D-08 7.129D-08 6.166D-08 5.346D-08 4.645D-08                                                    
 4.055D-08 3.548D-08 3.126D-08 2.761D-08 2.438D-08                                                                                  
 2.440D-08 2.162D-08 1.924D-08 1.717D-08 1.538D-08 1.382D-08 1.246D-08 1.127D-08                                                    
 1.022D-08 9.300D-09 8.484D-09 7.759D-09 7.115D-09 6.540D-09 6.025D-09 5.563D-09                                                    
 5.147D-09 4.772D-09 4.432D-09 4.125D-09 3.845D-09 3.591D-09 3.359D-09 3.147D-09                                                    
 2.952D-09 2.774D-09 2.609D-09 2.458D-09 2.318D-09 2.189D-09 2.070D-09 1.959D-09                                                    
 1.856D-09 1.760D-09 1.670D-09 1.587D-09 1.509D-09 1.436D-09 1.368D-09 1.304D-09                                                    
 1.244D-09 1.188D-09 1.134D-09 1.084D-09 1.037D-09 9.927D-10 9.507D-10 9.110D-10                                                    
 8.734D-10 8.378D-10 8.040D-10 7.720D-10 7.417D-10 7.128D-10 6.854D-10 6.593D-10                                                    
 6.345D-10 6.109D-10 5.883D-10 5.669D-10 5.464D-10 5.268D-10 5.081D-10 4.903D-10                                                    
 4.722D-10 4.568D-10 4.412D-10 4.262D-10 4.119D-10 3.982D-10 3.850D-10 3.724D-10                                                    
 3.602D-10 3.486D-10 3.374D-10 3.267D-10 3.164D-10 3.065D-10 2.969D-10 2.878D-10                                                    
 2.789D-10 2.622D-10 2.468D-10 2.324D-10 2.190D-10 2.066D-10 1.950D-10 1.842D-10                                                    
 1.741D-10 1.646D-10 1.558D-10 1.475D-10 1.398D-10 1.325D-10 1.257D-10 1.192D-10                                                    
 1.132D-10 1.076D-10 1.022D-10 9.720D-11 9.246D-11 8.799D-11 8.378D-11 7.979D-11                                                    
 7.603D-11 7.248D-11 6.911D-11 6.593D-11 6.292D-11 6.006D-11 5.735D-11 5.478D-11                                                    
 5.235D-11 5.004D-11 4.784D-11 4.576D-11 4.378D-11 4.189D-11 4.010D-11 3.839D-11                                                    
 3.677D-11 3.522D-11 3.375D-11 3.235D-11 3.101D-11 2.974D-11 2.852D-11 2.736D-11                                                    
 2.625D-11 2.519D-11 2.418D-11 2.321D-11 2.229D-11 2.141D-11 2.056D-11 1.976D-11                                                    
 1.899D-11 1.825D-11 1.754D-11 1.686D-11 1.621D-11 1.559D-11 1.500D-11 1.443D-11                                                    
 1.388D-11 1.336D-11 1.286D-11 1.237D-11 1.191D-11 1.147D-11 1.104D-11 1.063D-11                                                    
 1.024D-11 9.866D-12 9.505D-12 9.158D-12 8.824D-12 8.503D-12 8.195D-12 7.899D-12                                                    
 7.615D-12 7.341D-12 7.078D-12 6.825D-12 6.582D-12 6.348D-12 6.123D-12 5.906D-12                                                    
 5.698D-12 5.479D-12 5.304D-12 5.118D-12 4.929D-12 4.767D-12 4.600D-12 4.441D-12                                                    
 4.287D-12 4.138D-12 3.995D-12 3.858D-12 3.725D-12 3.597D-12 3.474D-12 3.355D-12                                                    
 3.241D-12 3.130D-12 3.024D-12 2.921D-12 2.822D-12 2.727D-12 2.635D-12 2.546D-12                                                    
 2.460D-12 2.377D-12 2.298D-12 2.221D-12 2.147D-12 2.075D-12 2.006D-12 1.939D-12                                                    
 1.875D-12 1.813D-12 1.753D-12 1.695D-12 1.639D-12 1.585D-12 1.533D-12 1.482D-12                                                    
 1.434D-12 1.387D-12 1.341D-12 1.297D-12 1.255D-12 1.214D-12 1.175D-12 1.137D-12                                                    
 1.100D-12 1.064D-12 1.030D-12 9.965D-13 9.644D-13 9.333D-13 9.033D-13 8.743D-13                                                    
 8.463D-13 8.192D-13 7.930D-13 7.677D-13 7.432D-13 7.196D-13 6.967D-13                                                              